Partial result prints

P(0, 0) = [-15338.160156 -5447.669922 4402.564453 2265.828125 11934.546875]
          [3178.469727 11631.886719 19579.136719 -22481.595703 13887.601562]

P(0,1) = [2377.192383 12597.834961 16650.638672 9297.560547 1944.578125]
         [91.381958 -9872.465820 23837.437500 -22825.740234 19350.257812]

P(1, 0) = [-9946.055664 30408.822266 34056.691406 -37141.156250 36367.007812]
          [-8840.597656 -12022.553711 -16432.404297 21431.400391 -8084.582031]

P(1, 1) = [-468.095612 717.563599 -10442.168945 5328.288574 -6335.289551]
          [-689.246704 -15700.933594 22158.464844 -29665.380859 21859.945312]

p(2, 0) = [15226.103516 -2018.650391 2623.550781 -6587.921875 -8536.148438]

p(2, 1) = [-108.068481 13508.707031 -32296.957031 31098.003906 -26296.101562]




