-136.075104 42.246826 -113.239716 -119.376038 -164.658966 120.979454 65.910904 -107.291840 
88.890106 -21.587997 9.041168 -51.548370 54.086212 -5.360367 -180.891907 -166.478058 
-54.284698 -86.918793 143.358978 -42.787552 193.479767 102.845291 145.107361 -121.670715 
137.328369 39.622238 148.083832 156.476471 -199.569794 112.697235 -5.172974 -135.644897 
-45.055939 81.587349 -55.020905 -9.714874 2.566803 -189.110016 82.993279 -108.543091 
-10.697983 -107.965546 39.908554 -156.611786 86.674103 59.016647 -123.089813 -167.610596 
172.097885 -179.730835 -10.398148 165.577667 123.114456 -65.290771 -156.093048 60.442825 
174.331467 191.990784 16.919296 174.761658 104.688019 -188.253662 -160.883240 -140.367920 
93.333694 -15.904144 49.917206 -104.099487 -5.014160 -67.089508 -12.642578 184.287857 
24.944962 -172.734039 -172.323914 -88.380951 86.282631 -95.413727 -55.991531 58.380524 
-75.144562 133.610321 23.958191 -152.030090 -131.680450 67.865143 108.412727 -157.348969 
59.855927 -74.667969 -182.587311 -35.456070 -62.921631 -143.470520 24.176041 -169.587921 
40.625336 -125.906769 -73.687408 -164.388824 7.003738 113.670013 -180.100952 -168.051300 
140.935989 -152.424866 -56.432251 27.218628 -47.838593 87.576233 -114.400848 77.016853 
21.186569 109.557350 124.986755 89.506126 -22.577499 33.399490 132.157166 -162.721558 
158.731522 149.569855 1.822372 -104.190094 -193.900665 -174.001617 -73.778015 46.724655 
